0 3.60 10.00 25.00 10.00
1 2.15 1.79 32.22 10.0
2 3.22 15.39 29.3 10.0
3 2.9 4.24 49.19 10.0
4 2.97 6.53 24.65 10.0
5 4.13 10.64 41.03 10.0
6 4.28 18.63 36.13 10.0
7 2.7 17.58 30.95 10.0
8 3.12 10.72 46.59 10.0
9 2.71 6.64 19.54 10.0
10 4.5 13.67 14.77 10.0
11 3.57 7.12 38.13 10.0
12 2.27 11.27 42.03 10.0
13 4.15 123.03 62.97 10.0
14 2.74 43.97 5.54 10.0
15 2.69 103.85 63.59 10.0
16 3.02 82.6 56.46 10.0
17 2.58 147.78 36.93 10.0
18 3.33 102.93 65.43 10.0
19 4.32 55.52 -33.66 10.0
20 3.2 48.53 24.35 10.0
