0 3.60 10.00 25.00 10.00
1 2.35 21.64 34.97 10.0
2 3.99 5.74 39.14 10.0
3 2.79 19.33 27.52 10.0
4 3.8 12.89 48.04 10.0
5 3.88 16.54 47.2 10.0
6 4.12 8.28 18.25 10.0
7 2.68 23.87 43.04 10.0
8 2.21 20.3 -3.79 10.0
9 4.18 7.83 12.6 10.0
10 2.5 8.29 -0.66 10.0
11 4.06 3.88 53.55 10.0
12 4.31 119.14 22.35 10.0
13 3.95 17.38 -12.49 10.0
14 2.15 149.63 -23.56 10.0
15 4.56 90.93 -27.55 10.0
16 4.53 99.75 78.53 10.0
17 3.13 108.8 22.0 10.0
18 2.11 131.35 15.5 10.0
19 3.89 12.72 13.3 10.0
20 3.67 80.79 57.29 10.0
21 2.47 23.63 58.47 10.0
22 3.73 75.07 -26.98 10.0
