0 3.60 10.00 25.00 10.00
1 3.19 18.52 -4.91 10.0
2 2.82 20.9 48.27 10.0
3 3.9 4.5 13.86 10.0
4 4.28 3.92 19.56 10.0
5 4.28 15.82 35.16 10.0
6 4.54 3.83 40.8 10.0
7 2.22 6.86 -6.31 10.0
8 3.32 7.61 21.35 10.0
9 3.13 24.66 38.94 10.0
10 2.4 4.41 24.06 10.0
11 4.07 0.15 9.97 10.0
12 3.89 3.27 26.27 10.0
13 3.91 8.05 6.86 10.0
14 4.3 44.76 -19.08 10.0
15 3.76 138.5 47.7 10.0
16 3.37 95.07 19.57 10.0
17 3.38 80.87 20.63 10.0
18 2.21 23.78 67.87 10.0
19 2.19 123.14 -22.59 10.0
20 3.23 67.57 -28.04 10.0
21 2.93 64.99 -9.54 10.0
22 2.47 103.08 -23.45 10.0
23 2.87 109.8 -9.4 10.0
