0 3.60 10.00 25.00 10.00
1 3.29 3.88 18.99 10.0
2 2.1 9.1 30.03 10.0
3 3.98 4.62 45.84 10.0
4 2.08 24.66 24.66 10.0
5 3.21 12.47 50.38 10.0
6 3.34 7.46 37.54 10.0
7 3.75 12.17 11.79 10.0
8 2.64 13.06 40.79 10.0
9 3.04 10.97 33.53 10.0
10 2.73 23.93 54.02 10.0
11 2.41 5.0 -8.83 10.0
12 4.2 0.5 -6.55 10.0
13 2.95 8.08 41.05 10.0
14 3.88 8.25 55.7 10.0
15 2.97 60.85 -36.89 10.0
16 3.78 92.0 44.48 10.0
17 2.99 15.35 24.4 10.0
18 2.65 3.93 20.26 10.0
19 4.46 22.98 34.44 10.0
20 3.54 7.66 -32.65 10.0
21 3.29 62.72 38.07 10.0
22 3.05 0.5 -13.44 10.0
23 2.29 120.36 -26.33 10.0
24 2.17 92.1 -24.76 10.0
25 3.26 59.47 57.29 10.0
26 2.48 111.98 78.95 10.0
27 4.59 30.22 74.92 10.0
